77
98
46
37
46
5
62
4
65
91
69
79
62
91
27
66
4
4
36
66
62
48
27
11
5
60
27
4
41
85
19
85
37
66
77
63
26
26
80
57
65
52
98
65
29
37
85
48
27
57
66
8
85
63
66
41
42
65
45
21
77
95
91
52
66
65
63
12
27
77
19
82
91
71
77
65
95
57
52
41
27
9
63
27
85
27
34
73
57
27
62
63
71
66
95
74
85
63
41
57
66
77
63
41
95
66
66
8
66
71
85
85
71
77
57
45
25
91
95
91
88
27
95
65
95
66
93
67
41
48
36
57
63
53
65
37
57
5
71
37
27
52
48
85
46
5
41
85
45
48
95
10
62
46
25
65
41
68
36
65
24
4
85
91
41
66
4
62
93
57
24
91
89
48
74
52
4
27
24
5
27
85
62
48
5
52
57
57
57
91
74
45
92
37
27
87
46
90
12
71
